.Random.seed <-
c(403L, 10L, -370551045L, 206380697L, -487323864L, -760070698L, 
484729425L, 195475715L, 1365488786L, 136415780L, -1802021657L, 
1644071229L, -1578312268L, 823075354L, 2059004261L, 379049983L, 
1157795462L, 920950288L, -874754893L, -1138440367L, 2124229376L, 
113070558L, -539592151L, 1666234843L, 1390585578L, 2024522892L, 
1480444879L, 649986949L, 2004635708L, 1090298130L, 1768515085L, 
298644807L, -801267922L, 1671033480L, 837391243L, -1021344919L, 
1804336440L, 1436848102L, 916277121L, -999661805L, 704178370L, 
-981417100L, 226496375L, 635533421L, 591550212L, 1420469802L, 
-1400468587L, 1885450287L, -937834186L, -1979782816L, -1868683357L, 
-713871167L, 757006512L, -97595442L, -1551711431L, -1182069941L, 
1596350714L, -2147460612L, 442579519L, -972910827L, -395027412L, 
-457685758L, 644115933L, 1836903639L, 973502398L, -593174024L, 
-467741221L, 65043513L, -781234808L, 208898358L, -756952207L, 
-293252701L, 1472072946L, -1525231548L, 1198506759L, 1669403357L, 
-946701356L, 113392378L, 808640069L, -1060518241L, -99640282L, 
-582240080L, -1370226349L, 833125489L, -1393098336L, 1801870654L, 
1887157321L, 51525883L, -899829558L, -780794324L, 406739503L, 
-572730651L, -25073764L, 1094013426L, 1026800749L, -25227865L, 
-90277938L, 1594676520L, 793921323L, 1096830281L, -2134093224L, 
1746692870L, 433538785L, 768758387L, -1238082846L, 1988781652L, 
-63131817L, -646675635L, 116582116L, -1093359926L, 1991288629L, 
1083641231L, -1391678826L, -1066335680L, 1058669315L, 105509665L, 
-601410544L, 1167528942L, -1391533159L, -1278993365L, -1794971366L, 
-1833808932L, -869880353L, -1375929931L, -880027828L, -982561374L, 
1704123645L, 95044087L, -1356689634L, 2033619416L, 1543818043L, 
921304281L, -805687192L, 515134870L, -766677743L, 601038531L, 
-1835598126L, -309180572L, -196896089L, -963075075L, 853915124L, 
-991882534L, -1128004571L, -1605277377L, 1521397446L, 336634704L, 
1584151411L, 1261571473L, 402100160L, -667432546L, 1323881321L, 
1787209627L, -1898320214L, -734320436L, 1453177231L, 1315302853L, 
-227069572L, -258448942L, -1303200435L, 837861383L, 1494708206L, 
-2028661048L, 748005835L, -244597719L, 1029311096L, -1239230554L, 
1932288449L, 1371059795L, -785294078L, 499248180L, 1327730103L, 
888709549L, -233839932L, -218695958L, 337451349L, 377089775L, 
602393846L, 1059126304L, 907001315L, 1006870145L, 1142167792L, 
-1147791474L, 7334137L, 924480139L, 1267126970L, 239705532L, 
1272530687L, -1215034795L, -1612173972L, -1487362622L, -1676720611L, 
-1760526697L, -1666222082L, -1597422664L, 781442971L, 1552549369L, 
-1855716024L, 1159041142L, -273998415L, 1697661923L, -409272142L, 
1630874884L, -279286201L, 1463867677L, -340666476L, 815962938L, 
-213866619L, -1676340129L, 370794214L, 2021631344L, -617312621L, 
-279496911L, 780004832L, 349117054L, -1758361335L, 116222779L, 
-1432542454L, 1330473708L, -1153833105L, 885180581L, 1187619420L, 
-207089102L, -72001235L, 1665081319L, -1195219186L, -1506281240L, 
2038762219L, -223607927L, -1805623528L, 506091104L, 908115906L, 
128607016L, -578458196L, -1959300804L, 2067930994L, -1584070352L, 
68079396L, 549758264L, 345905882L, 1092896656L, 1560515324L, 
-1078325356L, 1211435074L, -242418432L, 650898492L, 1269951824L, 
-181430110L, -1770277048L, 1177138956L, 1796819676L, 691991378L, 
-179719552L, 1706448980L, -273617944L, 2096379642L, -1445484208L, 
852427564L, -2068461708L, 898818962L, 1952659040L, 894021516L, 
-562654368L, -1736390686L, -1962098776L, 1279663308L, -528019972L, 
-941282382L, -1482831376L, -527128124L, -235085480L, 1611908474L, 
-1369935440L, 240897980L, 1254756436L, 981738434L, 1733690400L, 
-544039748L, 1696864848L, -64880670L, -287304088L, -1410655668L, 
642769148L, -1673351182L, -492724992L, -1697548428L, -1005674488L, 
-743365190L, 440761808L, -1104952340L, -1002438764L, 831929298L, 
-1997490336L, -1965710004L, 15944992L, 407831426L, 480721640L, 
2084021484L, 19900988L, -327480462L, -441783696L, -1452820444L, 
-1088813256L, 113732762L, 851014352L, 606421180L, -941484396L, 
-1179212158L, 1106861248L, -1125650116L, 929280144L, 389458466L, 
1637443080L, 1302675724L, -1481829732L, 1316826642L, 1851600256L, 
-1509646828L, -1853860312L, -1156029126L, 1731545040L, 1004507756L, 
-105863372L, -764697966L, 725367136L, 21483852L, -470454304L, 
554311586L, 931248040L, 1075071884L, -663951684L, 1114573682L, 
505067760L, 1446533188L, 1556520280L, -1546431430L, -902446224L, 
-1446099908L, -289658092L, 82528706L, 524517600L, -441714820L, 
-1038819632L, 535987874L, 1354253352L, 1169139980L, 2110485436L, 
-1758544590L, 1461723072L, -18902476L, 350116808L, -365583174L, 
25898896L, -199092756L, -1138507692L, 726523538L, 131988256L, 
612306380L, -906003488L, 1131561666L, 42670632L, 1919827628L, 
651563708L, 864776690L, 1211746608L, -1680823132L, 1745134264L, 
-1778750630L, -1189139056L, -1537822340L, 1339018516L, -340186814L, 
-686234880L, 418700220L, -1587520688L, 1246142754L, -1927717560L, 
-1394247668L, -1498482596L, 1062134994L, 2009122816L, -48899244L, 
-551894552L, 392722426L, 1904686800L, -2122898132L, 54733044L, 
2040489874L, -1801511840L, -11789044L, -986298656L, -1134264990L, 
-404020568L, -163194292L, -1241393284L, 551758642L, 1115823728L, 
1246666052L, -1908687912L, 1446768762L, 945825328L, -1944106308L, 
-251164844L, 599177794L, -1980765280L, 1234446524L, -1120853552L, 
2123752802L, -1347283992L, -894756916L, -562440452L, 2022281202L, 
-397116288L, 1567127796L, -490687352L, -683055814L, 2039038800L, 
-1583076244L, 836886676L, -156714670L, 1866874592L, -357822260L, 
-1135617888L, 572021122L, 772667624L, 1062181100L, 1669404732L, 
6463602L, 1122773104L, 607576612L, 853779000L, 357935642L, 1202852048L, 
914339388L, 1294224532L, -232221566L, -1464268864L, 1095216444L, 
1890238096L, -927214558L, -1808166904L, 1827454092L, 616677404L, 
1093969042L, 1527401600L, 184534036L, 1942086440L, 1061557306L, 
-1963545392L, -485936020L, 1155634868L, 1257365522L, 1551744992L, 
-2106750004L, -941179424L, -180122590L, 430200104L, 376769834L, 
-933178529L, 56632041L, 1501800958L, -29657620L, -102447811L, 
-1859113721L, -558084880L, 1132023950L, -136795461L, 639271581L, 
-1504094646L, -1612702616L, -568560559L, -741400765L, -1159738812L, 
696469746L, 918484167L, -329380207L, -346042346L, 2035554932L, 
-711172859L, -570010801L, -1551844024L, -1430654746L, -1136335341L, 
-60163723L, -2007319214L, -913199712L, -420471671L, 2022730939L, 
-1189675252L, -262826342L, 2128284687L, -448722855L, -339073810L, 
-191684740L, 896453613L, -198986601L, 1087618912L, -1488652482L, 
-1712822261L, -158904179L, -1211512390L, 617408504L, -833059935L, 
791772499L, 870331508L, 2066867714L, 1419016343L, -958158239L, 
91267750L, 1712466596L, 1576247125L, -634657793L, 226517656L, 
-1267808330L, 9186371L, 2060961157L, 1711644194L, -980368112L, 
-783285063L, -1617360533L, 1334028380L, 94520714L, -424074881L, 
449739977L, -440221346L, 1168658956L, 903845341L, -1828221721L, 
231266576L, -907179986L, -94867749L, 1939072957L, -751779542L, 
-1647794744L, 1914133233L, 1457189987L, 1512968292L, 119151506L, 
-1541336985L, 2036772913L, -1940553354L, -1426256236L, -1041283931L, 
1071487407L, 1047102056L, -447522234L, 855662579L, 1819115349L, 
-1411505870L, -1923726080L, 871421417L, 1008894043L, -1804455252L, 
-1637872454L, -234582417L, 2710521L, -1953848690L, -2034281636L, 
-20791347L, 346513207L, -374448704L, 1835975326L, 179067755L, 
-300358931L, 347281242L, -1139971048L, -495027839L, 1846013747L, 
1642923348L, -1239584926L, -578722825L, 1243499585L, -781449018L, 
291190276L, 116138421L, 761175711L, 1659457272L, 1582518998L, 
1455015779L, 479330085L, 1458435266L, -208363088L, -1242523175L, 
1711519563L, -2009588292L, -714904086L, -1235428833L, 806596777L, 
-2079549378L, 397760812L, -932572291L, 1862650311L, 986205360L, 
569518798L, 1262329851L, -219289507L, 1444859786L, 877232040L, 
102577425L, -2004014077L, -192903420L, -133018830L, -1463809657L, 
-845475887L, 1825251670L, -1591427276L, -1333452219L, 705638031L, 
